time,x,y,z,phi,theta,psi,x_velocity,y_velocity,z_velocity,phi_velocity,theta_velocity,psi_velocity,rotor_speed1,rotor_speed2,rotor_speed3,rotor_speed4
0.06,-7.09762499166e-08,1.27751350421e-06,10.0044327254,0.000839010640044,7.73734995567e-05,0.0,-6.71384583464e-06,9.81969890726e-05,0.147749098488,0.0329196011838,0.003751593028,0.0,451.01365844464743,451.3164771954493,451.09965327242867,453.749630099434
0.12000000000000001,-3.25795430766e-06,3.33829304018e-05,10.0174771891,0.00257354557226,0.000482943665857,0.0,-0.000134156826896,0.00117361843181,0.287040601386,0.0193558700146,0.0121830968322,0.0,448.75050363276983,449.4341788377332,449.91762391967006,448.81853710954425
0.18,-2.44832011544e-05,0.000163493479669,10.0384513619,0.00372244892049,0.00111996044501,0.0,-0.000645849908744,0.00328541346316,0.412060624019,0.0187301979991,0.00728469844297,0.0,445.26871441164064,444.8677475612847,444.70568059665237,444.65439082047203
0.23999999999999996,-9.0370596052e-05,0.000447530790983,10.0676402747,0.00478629283229,0.00200393492996,0.0,-0.00162584595177,0.00630181933263,0.560840730587,0.0156530235291,0.0265394219475,0.0,451.5615341734883,453.11178758204994,452.4185998294054,452.1707356269826
0.3,-0.000232561219737,0.000922127052599,10.1030871086,0.005350770757,0.00342327460475,0.0,-0.00325913215299,0.00959443976549,0.620688626084,-0.00758090411478,0.0171549915809,0.0,424.40900980208556,423.6029943436152,425.61338099926326,423.6204318610367
0.36000000000000004,-0.000500510204226,0.0016040559835,10.1426693699,0.00560994232265,0.00459336563172,0.0,-0.00578129766182,0.0131334327153,0.698674774353,0.0212124484806,0.0238236136702,0.0,430.37373834219625,430.937694616031,428.6748142262268,431.11422770248925
0.4200000000000001,-0.000963771746415,0.00253144017319,10.1906717871,0.00732797807013,0.00670626751485,0.0,-0.0098751715682,0.0179573926955,0.901265583269,0.0404052663455,0.0515759280864,0.0,467.78620039752695,469.9424399339926,468.09878673594704,469.58993523163633
0.48000000000000015,-0.00174369423444,0.00380819084128,10.2527329195,0.00956940832908,0.0102928223514,0.0,-0.0165479700803,0.0248954168679,1.16719991829,0.030433962963,0.0725159401944,0.0,486.18378330021613,487.7520571306065,488.5345870889164,487.7911368521455
0.5400000000000001,-0.00295219445352,0.00549436083752,10.3245392407,0.0112390059932,0.0143406900325,0.0,-0.0241401392127,0.0314778215713,1.22627567889,0.0220233489537,0.0547318769189,0.0,425.06903666303714,423.5460006693475,426.30200031485276,425.5830319911188
0.6000000000000002,-0.00469578665823,0.00760986009881,10.4002071121,0.0126106026357,0.01738543867,0.0,-0.0342884956704,0.0391691793911,1.2959034419,0.0244825508177,0.0412657554721,0.0,428.96854312772405,427.82534340378476,428.9271177825686,429.1359533688409
0.6600000000000003,-0.00712679359163,0.0102297539798,10.4812463517,0.0140087656598,0.019586469606,0.0,-0.0469867544964,0.0483071648376,1.40526937372,0.0208322943284,0.0254336573975,0.0,442.39652962346173,441.0917339885203,441.59163238576906,441.2905062073133
0.7200000000000003,-0.0102919834139,0.0133760979661,10.5653162967,0.0152353226008,0.020956149935,0.0,-0.0586448651361,0.056677468885,1.39706766985,0.0196517190801,0.0170286474311,0.0,402.9885916336142,402.22829541569064,403.8432070494722,403.7367406922192
0.7800000000000004,-0.0142398237659,0.0170908523046,10.6517731642,0.0168935322592,0.0216625610473,0.0,-0.0730370938416,0.0672914249095,1.48471300393,0.0401153846634,-0.00164144311712,0.0,436.2297757563144,434.6680112540453,433.6674987387639,435.3830359173475
0.8400000000000004,-0.0191297194162,0.0215348816323,10.7466471,0.0192947235072,0.0213296533859,0.0,-0.0899306651866,0.0811164028534,1.67748328506,0.0398281558029,-0.014807382531,0.0,467.71877496505573,466.69244522275244,468.0708316253721,468.0492121310436
0.9000000000000005,-0.0249224656145,0.0267717446494,10.8483759798,0.0212366024013,0.0205050587,0.0,-0.103080870085,0.0936517070837,1.71342264646,0.0100533297724,-0.0116957264273,0.0,419.1702703551678,419.4406741088892,419.99612539103,417.4063324962945
0.9600000000000005,-0.0315772617318,0.0328824710879,10.9565574179,0.0214930321308,0.0193145222552,0.0,-0.118643852175,0.110085997827,1.89234608691,-0.0109687073294,-0.045858846372,0.0,465.5913495338915,462.91088599686594,464.93590091238167,463.28602828740776
1.0200000000000005,-0.0390849572442,0.0399292328515,11.0731083468,0.0204226153677,0.0165148625995,0.0,-0.131326880726,0.124719897728,1.99252190571,-0.037406630129,-0.0483150334286,0.0,441.6734519111577,441.46953128393454,440.6119799780225,438.42092902858303
1.0800000000000005,-0.0472976378425,0.047828960945,11.1958199332,0.0184372098721,0.0134603791595,0.0,-0.142121470761,0.138384019597,2.09768608211,-0.0256169413125,-0.0566744059129,0.0,442.61281864395744,441.92265981200455,442.18677632316377,443.15641680142727
1.1400000000000006,-0.0561211675669,0.0565501747841,11.3270704622,0.0164326332007,0.00982157998726,0.0,-0.151593972272,0.152124660449,2.2770004298,-0.0574173583331,-0.0700860669647,0.0,465.8759446028255,464.82365942195355,467.0707633511036,464.5835606927376
1.2000000000000006,-0.0654023700356,0.066000194705,11.4664756006,0.0125119058902,0.00555143595372,0.0,-0.157351046303,0.162509643262,2.36966055431,-0.0900817313305,-0.0734268666062,0.0,439.9626752819098,439.68204291340817,440.79324815069214,438.08199572530924
1.2600000000000007,-0.074952405162,0.0760127505121,11.6138278444,0.00687493201099,0.00109050965015,0.0,-0.160483253052,0.170616646947,2.54172590006,-0.103088575664,-0.0762583209118,0.0,465.32419665311807,465.0984429689906,464.2470304903394,463.21819122802566
1.3200000000000007,-0.0845898907898,0.0863858955086,11.7725759968,0.000839246852038,6.28064844875,0.0,-0.16029626021,0.174430970349,2.74941062942,-0.0960264870384,-0.0398871301088,0.0,474.18743506585923,476.97037913108596,475.68338727766104,476.2158331523576
1.3800000000000008,-0.0941395759276,0.0968451760178,11.9431141073,6.27794683841,6.2782334362,0.0,-0.15775280257,0.17353566484,2.93473837613,-0.114741356375,-0.040986242261,0.0,469.65160643495227,469.5656112746219,471.4036395086143,469.946806479287
1.4400000000000008,-0.103486397884,0.107112362178,12.1236667386,6.27154834901,6.27534497941,0.0,-0.153525611769,0.167984108088,3.08329184515,-0.0940288053247,-0.06896909784,0.0,460.9468184612186,458.72854283854366,459.47069363365057,461.1000569909485
1.5000000000000009,-0.112471928591,0.116855001932,12.3174679526,6.2664442002,6.27151613995,0.0,-0.145482062036,0.156084803493,3.37592423331,-0.0714196887985,-0.0551089945452,0.0,501.53845112615795,502.5415746845129,502.35547211856033,503.98698155925103
1.560000000000001,-0.120947010886,0.125853654801,12.5231816773,6.26254158002,6.26860596119,0.0,-0.136708004819,0.143457431786,3.4808786898,-0.0546427059595,-0.0377934982148,0.0,448.1879378946677,449.5916006145227,448.9129434064404,450.2691145486783
1.620000000000001,-0.12889375007,0.134094739623,12.7315319118,6.25943880125,6.26661074428,0.0,-0.128002839283,0.130974586135,3.46417326454,-0.0464191393961,-0.025446082579,0.0,410.188918939709,411.28346139464537,409.7503541049079,410.4788302199629
1.680000000000001,-0.136196894185,0.141406905684,12.9441616337,6.25664502371,6.26503993064,0.0,-0.115271806856,0.112467889317,3.62298624852,-0.0468520680536,-0.0276902820443,0.0,465.67292876271785,465.49723423458113,466.9337838020738,466.89883431257863
1.740000000000001,-0.142748494338,0.14761693455,13.1637050155,6.2540707965,6.2632534676,0.0,-0.102950421813,0.0942774176881,3.69488759992,-0.0359921577996,-0.0343066199685,0.0,440.5702680640916,440.02256051420375,440.2893889592546,441.1859387396486
1.8000000000000012,-0.148456182739,0.152587944234,13.3909060316,6.25170689772,6.26140665948,0.0,-0.0870955286767,0.0711843785018,3.87786646029,-0.0472682896784,-0.0245255749167,0.0,473.6619088692577,474.4132801797708,476.2402977780628,475.3762897406261
1.8600000000000012,-0.153250635089,0.15622994654,13.6255248761,6.24895041962,6.25946910688,0.0,-0.0725670612894,0.0499530715271,3.94252864524,-0.0434120615233,-0.0561627781816,0.0,440.9786289816236,438.35665635806345,440.2631829040989,440.5808847537034
1.9200000000000013,-0.157220126248,0.158675514262,13.8602622998,6.24637524121,6.25645939037,0.0,-0.0594959109318,0.0313568748393,3.88224520346,-0.0419528300285,-0.0402692028789,0.0,397.8562184517091,399.3068964012381,399.1915544546088,399.32345829676484
1.9800000000000013,-0.160114501127,0.159628782673,14.1004074394,6.24420463205,6.25395308132,0.0,-0.0367038570183,0.00016605245475,4.12174203219,-0.0265931328513,-0.0449595209602,0.0,492.6762109098,492.3285324888571,492.0896217629744,493.2248632611024
2.0400000000000014,-0.161730155866,0.158862039169,14.3497928995,6.24256063231,6.2511327407,0.0,-0.0168898814447,-0.0258705932502,4.19083906807,-0.0290643638683,-0.0514473409594,0.0,443.8929939034571,443.35888547114814,443.2043984646768,443.00103996082686
2.1000000000000014,-0.162068612977,0.156461209123,14.6042767454,6.240481913,6.24803289206,0.0,0.00591205780867,-0.0543319846503,4.29156180632,-0.0491743202976,-0.0521011532228,0.0,454.3518883044064,454.297809232816,454.07979998131685,452.4629752912563
2.1600000000000015,-0.160990745255,0.152324934256,14.8643471382,6.23716876552,6.24491652221,0.0,0.0303174442639,-0.0838370787473,4.377099124,-0.071430433575,-0.0516182483752,0.0,450.45884216588894,450.4961924527578,450.27003408765364,448.46354509407576
2.2200000000000015,-0.158404327616,0.146369159534,15.1290597916,6.2326905655,6.2418634886,0.0,0.0561862693811,-0.115101062277,4.44635214902,-0.0819709521558,-0.0494547107663,0.0,445.19719153468753,445.37255505057084,446.3027515973918,445.4371319909719
2.2800000000000016,-0.154181315756,0.138415890879,15.3985327225,6.22803002184,6.23975555653,0.0,0.0848121323387,-0.150468216506,4.53568615089,-0.0702373027751,-0.0158841919201,0.0,450.9493944517035,453.6525492087781,452.2047760173473,453.14433668806515
2.3400000000000016,-0.148259770058,0.128319642946,15.6720866792,6.22390576741,6.23896341387,0.0,0.112646836672,-0.186453863406,4.58255636009,-0.0658966335437,-0.00831617200893,0.0,439.51304760277964,440.1400184499497,439.9271730093088,440.2828539916724
2.4000000000000017,-0.140739992536,0.116102563968,15.9465218196,6.22023784824,6.23863761189,0.0,0.13805025813,-0.221106306286,4.56531785217,-0.0529939644461,-0.000205701774968,0.0,419.1387743552051,419.8432332410998,418.9959705428371,420.11338003389847
2.4600000000000017,-0.131572580839,0.101576166122,16.2225957768,6.21760596482,6.2390546801,0.0,0.167494645364,-0.263367011383,4.63682886768,-0.0300122982409,0.0183851545814,0.0,447.39600568956666,448.90720667859335,447.2072359312797,449.074274538823
2.520000000000002,-0.12051695625,0.0842661669238,16.5060003518,6.21525836723,6.24066557283,0.0,0.20083703396,-0.313802079063,4.80925676883,-0.0721284617303,0.0399110946222,0.0,478.68902522854717,480.3245507592138,480.75156893981256,477.5483500259015
2.580000000000002,-0.107495684545,0.063854709498,16.799913843,6.21159714903,6.24256806579,0.0,0.232916821846,-0.366973170074,4.98706215674,-0.0449623505925,0.00535491539141,0.0,483.8779750012729,481.2694830634708,481.1312457423309,483.181259593055
2.640000000000002,-0.0927414169459,0.0404532634098,17.1006326677,6.20896065254,6.24280619454,0.0,0.258855450875,-0.413310278781,5.03664527086,-0.0419750812356,0.00104138182886,0.0,445.1507184111912,444.7974777449924,445.21054974264945,445.4538472533027
2.700000000000002,-0.0765658734531,0.0144641210511,17.4010825037,6.20601881034,6.24248608847,0.0,0.280344764303,-0.453222526108,4.97857016022,-0.0694054536382,-0.0228419376422,0.0,411.5924261296996,409.4729427849807,411.36213458271646,408.9235217567803
2.760000000000002,-0.059056003735,-0.0140408240566,17.6989301531,6.20179921301,6.24176294374,0.0,0.303403427676,-0.497298598965,4.94975822831,-0.0722346491059,0.00366908248955,0.0,419.3567066045914,421.65366032236886,419.1656212878742,418.91553537033207
2.820000000000002,-0.0401232701412,-0.0453243557715,17.9958025893,6.19750680276,6.24192195452,0.0,0.327669779,-0.545860003782,4.94595209284,-0.0701869043911,0.000530122082221,0.0,428.04427970643127,427.77697601830084,427.82081223110237,427.99100474371136
2.880000000000002,-0.019623798952,-0.079833400083,18.2951715069,6.19336596306,6.24189120053,0.0,0.355627670554,-0.604825160373,5.0325684715,-0.066766835785,-0.00268423686438,0.0,456.9152423368979,456.6588891580536,456.5736207594386,456.84296902473426
2.940000000000002,0.00258253514654,-0.118025847434,18.6004127218,6.18943159846,6.24172993293,0.0,0.384577240743,-0.668621367358,5.14158248615,-0.0632866233252,-0.00269490804909,0.0,464.6129863081662,464.61220490645445,464.2590300084721,464.52907128149263
3.000000000000002,0.0266467797164,-0.160395775975,18.9150135863,6.18517267056,6.24157161975,0.0,0.417541085915,-0.744082624058,5.34410101754,-0.0944595060034,-0.00252607169752,0.0,493.59865596141697,493.61117208058135,493.76831790825577,491.4592103362989
3.0600000000000023,0.0524971787945,-0.206943962744,19.2371314649,6.1795561251,6.24246233463,0.0,0.444078201953,-0.80803194928,5.39284022783,-0.0919614941334,0.0367395861844,0.0,447.4190341311849,450.60503504741206,449.2352351205592,449.430465365811
3.1200000000000023,0.0799466538932,-0.257517719027,19.5629363639,6.17417383879,6.2443780162,0.0,0.470679398986,-0.87825677219,5.46687811107,-0.0855381702325,0.0199609014663,0.0,457.6739716561641,456.33669409684643,458.15163181689053,458.6556649111062
3.1800000000000024,0.108895402925,-0.312236306123,19.8915884907,6.16934827887,6.24532784787,0.0,0.49417109029,-0.94613277963,5.48799879244,-0.0717839103314,0.00592950977335,0.0,442.2947679799704,441.13735746430797,441.8052099130915,442.9326658585532
3.2400000000000024,0.139251972117,-0.371156498213,20.2218649063,6.16492136536,6.24601426501,0.0,0.517653692866,-1.01825703256,5.5209598575,-0.0781088490815,0.0206548540139,0.0,445.90439875262336,447.10582591215183,446.19306430371773,445.6720706741233
3.3000000000000025,0.171094746527,-0.434791945955,20.5566408141,6.16046819397,6.24779055671,0.0,0.543581849599,-1.10333247551,5.6375548703,-0.0674004886096,0.0432485996609,0.0,471.86630407036563,473.6077442878325,471.8005953370906,472.622784058924
3.3600000000000025,0.204242573906,-0.502895202513,20.8925162026,6.15623970194,6.24998001549,0.0,0.56116660804,-1.16713951609,5.5586004986,-0.0774639354976,0.0174203646707,0.0,412.1247295583143,409.83564294733225,412.1839406032086,411.28914765966783
3.4200000000000026,0.238517370187,-0.575287695378,21.2267106302,6.15238317697,6.25097627629,0.0,0.581223937935,-1.24630906746,5.58099600328,-0.0461041816911,0.0149203142266,0.0,444.18870387854673,443.98350956852886,443.0554630248168,445.62336592629913
3.4800000000000026,0.273914834018,-0.652247548745,21.5603496536,6.15025103622,6.25267817837,0.0,0.598578610439,-1.31924675836,5.54042621488,-0.0200567741044,0.0467884392562,0.0,423.0992839838492,425.83492559632174,422.68989842648205,424.9283626875643
3.5400000000000027,0.3103749871,-0.733866202477,21.8934054104,6.14877117207,6.25597803561,0.0,0.616467553573,-1.40149129245,5.56126642916,-0.0359952071436,0.0677492902122,0.0,442.72027683103374,444.4438461509079,444.82548330651446,443.51798847204674
3.6000000000000028,0.347749381325,-0.819981492777,22.2242325193,6.14714268373,6.26035853164,0.0,0.629035879342,-1.46923030314,5.46671008139,-0.0136116643301,0.0818613868296,0.0,405.95423189421206,407.22344016173554,404.01426273361903,406.02748408535376
3.660000000000003,0.385928240309,-0.910931387457,22.5548233251,6.14654710938,6.26592490413,0.0,0.643039535999,-1.5624620606,5.55251147303,-0.00342079487141,0.10861742823,0.0,462.618345611293,464.7272800745114,463.1989455337351,463.9999369279898
3.720000000000003,0.42480973913,-1.00735316978,22.8895675041,6.1466311529,6.27291249456,0.0,0.652343991707,-1.65158757845,5.60532971426,0.00962594665398,0.128753348837,0.0,453.42457383092744,455.0512278652659,454.0847361604661,455.1303178127723
3.780000000000003,0.464097230344,-1.10897472227,23.2263931793,6.14688800125,6.28117863456,0.0,0.656497747237,-1.73577226151,5.6220847597,-0.00943923342805,0.151479370449,0.0,442.10777294027287,443.9939125835497,445.0633629428478,443.499860957538
3.840000000000003,0.503476805665,-1.21625983808,23.5686495728,6.14583849775,0.00738792728547,0.0,0.655099902948,-1.84038810982,5.78557497196,-0.0429567140116,0.165192391714,0.0,487.18251608009416,488.2275994545592,490.49391118152,487.99794331033775
3.900000000000003,0.542578765982,-1.32946236789,23.9178420076,6.14320403872,0.0173297949112,0.0,0.647312140427,-1.93325415488,5.85372560599,-0.0458801714964,0.166688566222,0.0,461.9418250596656,462.08488354724784,461.8627635497882,461.63108270460367
3.960000000000003,0.581018979555,-1.44824207229,24.2707420228,6.13993056948,0.0276164656734,0.0,0.633040608956,-2.02632400499,5.90920676009,-0.0840319436409,0.179562905191,0.0,458.47588125232784,459.52484782033747,460.3393564740378,457.307433824864
4.020000000000002,0.618364229257,-1.57283770936,24.6280236944,6.13440557412,0.0384998510315,0.0,0.610700786257,-2.12732666876,5.99952165925,-0.117507674133,0.184808815727,0.0,470.93569441071946,471.3711077545809,471.00136243887357,468.3974463687397
4.080000000000001,0.654103457394,-1.70375404347,24.9916020986,6.1276156755,0.0494652153964,0.0,0.579451610194,-2.23717922723,6.11886098815,-0.105657095352,0.178304687032,0.0,480.71312032634927,480.2494792408009,480.0425797640945,480.930744731222
4.14,0.687906976846,-1.84087049664,25.3589155579,6.12138676199,0.0602131041699,0.0,0.546368113877,-2.33392291052,6.12465882063,-0.100367573816,0.180733472924,0.0,446.5436074167713,446.77253213088767,448.12214760784576,448.54271679591375
4.199999999999998,0.719452794127,-1.98410155239,25.7277381958,6.11508534233,0.0712309278649,0.0,0.504128639026,-2.44098446771,6.16891832828,-0.116493894702,0.188864893132,0.0,459.9253304769192,460.60035241174626,460.67714154130937,459.3905499056057
4.259999999999997,0.748315333405,-2.13372811473,26.0982758361,6.10842074793,0.0822655928684,0.0,0.456944007867,-2.54716130796,6.18196326609,-0.102000994705,0.171511841769,0.0,452.3295417643138,450.96153259603636,450.7277965645424,451.8869808233853
4.319999999999996,0.774123166091,-2.28989416353,26.4698248583,6.10259599048,0.0925629974113,0.0,0.402386333153,-2.65889222542,6.20257735006,-0.0887139493283,0.171845298143,0.0,454.3348597364693,454.38916539622744,454.425520119651,455.4816927687027
4.379999999999995,0.796570686637,-2.45267067088,26.8414692032,6.09710077012,0.1032958284,0.0,0.344953003871,-2.76747058664,6.18535131834,-0.0980558720125,0.190142764731,0.0,443.41746276278735,444.94896432387606,443.1723076640499,442.3964509038253
4.439999999999993,0.815667472362,-2.62155764369,27.2093714422,6.09138630843,0.115333958578,0.0,0.290692588758,-2.86262657022,6.0783386012,-0.0901378162781,0.216014185905,0.0,411.89294155028415,414.2171360767996,414.3981513592553,415.08531604952117
4.499999999999992,0.8305310663,-2.79753042233,27.57741753,6.08568388477,0.128239536321,0.0,0.203482883452,-3.00357319511,6.18879465684,-0.107288003882,0.213187350935,0.0,482.9819472888316,482.81029985183693,484.179770550333,482.880462365234
4.559999999999991,0.840643009103,-2.98094843644,27.9463737441,6.07957832033,0.14092152791,0.0,0.132558416552,-3.11091555481,6.10977671328,-0.0925262145822,0.207458197375,0.0,426.88721888400335,426.4439919517738,423.1891898692341,424.4486173229819
4.6199999999999894,0.845967070716,-3.17137620155,28.3128149081,6.07369534393,0.153395448344,0.0,0.0438339761292,-3.23716159664,6.1044806782,-0.112366156075,0.208763888586,0.0,449.73909297616143,449.88680283391204,450.26309527513297,448.64639163272005
4.679999999999988,0.845537834486,-3.36976595229,28.6801658712,6.0672303141,0.16589991596,0.0,-0.0592534322878,-3.37636841327,6.13977804385,-0.0998350063014,0.207687208068,0.0,463.57488798951044,463.53103257950625,463.13738804971234,464.1123986943896
4.739999999999987,0.839551387653,-3.57553212994,29.0445801628,6.0613922645,0.178403094122,0.0,-0.141246146718,-3.48305752196,6.00762038992,-0.0926646426746,0.209746716097,0.0,409.37481008414437,409.6048532565361,408.83466341015713,409.4641965807598
4.799999999999986,0.827924790963,-3.78844764196,29.4039279943,6.05556357923,0.190721634589,0.0,-0.247334176893,-3.61461356476,5.97026111235,-0.108076318211,0.194518743369,0.0,441.80113769679014,440.58502905259894,442.30007984269054,441.02038107648434
4.859999999999984,0.809740586026,-4.00934836539,29.7609076213,6.04979927514,0.202509547189,0.0,-0.359757690947,-3.74925918938,5.92865736688,-0.0790828769344,0.200093041162,0.0,440.4476230667089,440.94653297364187,439.9311549564788,442.3174789078996
4.919999999999983,0.784270075797,-4.23881092678,30.1169339621,6.0445821029,0.214615537072,0.0,-0.490265048172,-3.89988131978,5.93814759015,-0.111358867794,0.204914238216,0.0,457.9481536462466,458.3701043625472,460.2304915652569,457.6615917040508
4.979999999999982,0.750336445155,-4.47786180802,30.4752623431,6.03815875968,0.226438752438,0.0,-0.641881731432,-4.06895875982,6.00490560209,-0.0996070332224,0.172741698075,0.0,479.444758962138,477.0276154932808,478.00480548308855,478.89048320106815
5.0399999999999805,0.707361789474,-4.7268897705,30.8363155995,6.03192562511,0.237099929188,0.0,-0.791438700052,-4.23243348164,6.0292327405,-0.114212115672,0.186079728804,0.0,467.0172221282969,468.08521292761833,468.1287552833996,466.9816739397685
