episode,total_reward,x,y,z
1,-252.0,-28.2972459597,-2.44363127237,165.06571508
2,-252.0,-5.91338510618,-0.0425283866153,173.049559957
3,-252.0,-38.2632054758,-2.75949469793,59.243737826
4,-157.955553596,-68.5706121293,-4.35721982434,0.0
5,-161.417445966,-70.0750729961,0.424246742481,0.0
6,-151.540285801,-60.2203945568,-0.802065069386,0.0
7,-166.899870496,-67.5632638978,-4.21471889764,0.0
8,-147.504146847,-67.2832084368,-0.282073158863,0.0
9,-114.343080012,-7.49680485635,-12.3093607084,0.0
10,-132.046676884,-47.0675056596,-14.0504534899,0.0
11,-252.0,-107.466867182,1.90621505422,49.4038647444
12,-251.998872987,-82.2384015045,9.42797895659,23.9721396662
13,-175.741268708,-77.2809005103,-14.55339442,0.0
14,-184.979711259,32.5767146064,-24.5738875141,2.2135049928
15,-168.262806708,-52.2008837118,-17.6878229375,3.83516892766
16,-136.530132909,-57.043544906,7.56134426183,0.0
17,-198.0773806,-63.8148762325,6.68637430604,10.2606866837
18,-219.488703109,-78.0445108935,25.557236792,9.56800669248
19,-187.230441722,-79.5999172371,26.5661792562,0.0
20,-251.999040908,-70.3722569068,-26.2131396403,22.8358931318
21,-177.009103562,-59.025240667,-23.0166764934,3.58512760962
22,-143.852796193,-47.473396439,11.1888885498,0.0
23,-138.75047055,-36.3467686227,7.7749616971,0.0
24,-205.91120607,-28.231619343,-18.9594956299,23.0414712491
25,-252.0,-38.1675292866,-45.253772149,42.4659940648
26,-144.248381957,-12.0671883364,29.4359822954,0.0
27,-117.909506066,8.81733357223,16.3040864016,0.0
28,-130.798491097,4.02953160996,23.9750106093,0.0
29,-252.0,0.118240197,-58.4689565901,50.5005762795
30,-205.315925771,7.55008130443,40.2903116868,16.6025124059
31,-80.2986616092,-0.812217764185,-23.3744919531,0.0
32,-168.637991255,-1.75138180844,-80.2640122152,7.63159145433
33,-252.0,-2.51122908117,-83.3820347476,66.4266402585
34,-252.0,-2.99204424489,-65.3690438031,94.2906320914
35,-252.0,-2.73134771348,-71.8371062502,87.1664145832
36,-252.0,-2.71232606716,-70.4091306355,88.8087580998
37,-252.0,-2.84936158983,-67.8730304914,91.6675038906
38,-252.0,-3.07498900874,-59.9793777693,99.1557933446
39,-252.0,-3.1286072811,-60.0159278733,99.044406474
40,-252.0,-3.19415708175,-60.7654545189,98.3250975631
41,-252.0,-2.97942317674,-62.3373955195,97.2065254415
42,-252.0,-2.69001287043,-72.2537131546,86.5086646938
43,-252.0,-3.01899748229,-64.2422470792,95.440185119
44,-252.0,-2.74502547541,-70.2000504905,89.1478201402
45,-252.0,-2.76727003815,-69.179644991,90.2897921608
46,-252.0,-2.9948055961,-65.0392715221,94.6694618376
47,-252.0,-2.79989544786,-66.560600801,93.1588786824
48,-252.0,-2.84207715709,-66.1237233411,93.6932031092
49,-252.0,-3.00386845148,-65.3250165038,94.2816947773
50,-252.0,-2.84322346693,-70.2524110277,88.8259037081
51,-252.0,-2.81821732306,-66.5792751813,92.9580413595
52,-252.0,-3.1389627073,-61.0694594461,98.1022229574
53,-252.0,-3.06855350389,-58.7417901047,100.255247234
54,-252.0,-3.08421795672,-57.4299824414,101.317636538
55,-252.0,-2.85716717316,-72.7948523037,85.3817326818
56,-252.0,-2.90761834328,-65.6638848289,94.0390626665
57,-252.0,-2.83854311959,-68.7426591218,90.6176029455
58,-252.0,-2.54261728032,-72.1541533714,86.7376288077
59,-252.0,-3.02908819493,-62.2564887887,97.2050863208
60,-252.0,-2.93796312285,-68.8495812334,90.4580072721
61,-252.0,-2.93119493825,-69.0958727327,90.0699944493
62,-252.0,-2.82058916955,-71.4054760045,87.2188215832
63,-252.0,-2.78505582524,-73.2079091206,85.2197143515
64,-108.202621994,-2.64168102483,19.9832404963,0.0
65,-97.6055915226,-3.16588591135,1.90622633617,0.0
66,-108.054697649,-0.495391172549,-1.4386843299,0.0
67,-110.918218385,-0.502995278968,-0.012977917977,0.0
68,-110.917047511,-0.251598896987,-0.00186952049725,0.0
69,-110.945493256,-0.267252435711,0.271293177438,0.0
70,-110.95835695,-0.455886312284,-0.503901699483,0.0
71,-110.962465096,-0.744429496164,-0.245179283916,0.0
72,-110.965792021,-0.641161107424,-0.171879139363,0.0
73,-110.952497912,-0.681086426213,-0.21843106049,0.0
74,-118.168317956,-1.18167929058,-0.273262427958,0.0
75,-152.609249055,-5.35747036692,-45.1309931156,0.0
76,-252.0,-3.27349441677,-53.419519098,111.067464182
77,-252.0,-3.2690053545,2.43979471749,127.164450866
78,-252.0,-3.35090026426,-3.02246814536,127.019043696
79,-128.936621273,-5.57658309997,-37.5263202288,0.0
80,-101.633329232,-2.33607789498,2.56875304226,0.0
81,-106.868261948,-1.39400762631,-13.8361144866,5.91507766089
82,-110.97747642,-0.836186675219,0.134969850502,0.0
83,-107.944199789,-0.408565985968,-0.975329753996,0.0
84,-107.965103077,-0.137967604042,0.285559800438,0.0
85,-110.93188249,-0.733120463797,0.0532686597473,0.0
86,-110.954292086,-0.326141841435,0.32782226972,0.0
87,-110.957145132,-0.350581918483,0.581202716479,0.0
88,-108.001991704,0.0384743868379,0.6442688158,0.0
89,-107.938221061,-0.136742151136,0.0562033512011,0.0
90,-107.99690728,0.0127948718843,-0.148519846538,0.0
91,-107.945007997,-0.0136928917348,-0.140583771907,0.0
92,-110.955149559,-0.571577285367,0.101254656871,0.0
93,-110.980012228,-0.758466987824,0.385606462714,0.0
94,-110.928618551,-0.439305201667,0.353505032527,0.0
95,-110.957931683,-0.419248709819,0.309150612208,0.0
96,-110.96635671,-0.489288221437,0.507365284071,0.0
97,-110.965398601,-0.157264843729,-0.209672266848,0.0
98,-110.955469483,-0.588788041375,0.382553157443,0.0
99,-110.955204216,-0.648816738342,0.236828001821,0.0
100,-110.943319087,-0.663326900169,0.332283812279,0.0
101,-110.990882518,-0.356174463645,-0.113691978362,0.0
102,-110.930785984,-0.725125343241,0.844626124115,0.0
103,-110.901577908,-0.734524919022,0.464954894743,0.0
104,-110.943087874,-0.767674494396,0.955326862413,0.0
105,-110.944457797,-1.10756216664,-0.673376740727,0.0
106,-110.93118144,-0.712617482018,0.0280794082484,0.0
107,-111.013417206,-0.51265217296,-0.890383483134,0.0
108,-107.93108645,-0.687597465693,1.19055363466,0.0
109,-110.97319303,-0.736913272026,0.344173487226,0.0
110,-113.957777848,-0.573508258205,0.87964207382,0.0
111,-107.985295036,-0.0577618998697,0.10100433577,0.0
112,-110.965778037,-0.220133311397,-0.193466493056,0.0
113,-124.567752078,1.15762330685,-1.7281441782,0.0
114,-112.655279186,-1.87283176619,0.600661140797,0.0
115,-103.920057685,-1.76393354896,3.34766305763,0.0
116,-106.519167211,0.752383014358,0.892415751734,0.0
117,-129.05177303,-1.45698473211,-1.03445531916,0.0
118,-122.394626026,-1.06220041903,1.63253968117,0.0
119,-126.242759703,-0.360706552594,1.4806372196,0.0
120,-114.24595376,-1.02486093767,-3.6342651901,0.0
121,-111.074127988,0.521052717999,-1.77485743396,0.0
122,-110.986680941,-2.03576566286,-0.23890784415,0.0
123,-110.962019824,-0.72611103627,-1.84781394312,0.0
124,-110.923899961,-0.921589577701,-0.946042147512,0.0
125,-113.966278647,-0.551657010224,-1.56785652538,0.0
126,-116.990276437,0.201262579798,-3.02606874005,0.0
127,-120.665729292,-1.93961210172,1.20953585959,0.0
128,-119.305711081,-1.98166112518,-2.14841800506,0.0
129,-111.566792821,-1.16161567882,-7.78318526848,0.0
130,-99.429012389,-2.43711364128,16.2759144875,0.0
131,-83.4348491723,-1.68974939655,-7.29540677169,0.0
132,-90.2608263589,-1.26245162509,-8.76922429276,0.0
133,-105.040891664,-3.43345515739,-29.6045473137,0.0
134,-155.24187193,-1.3989944435,-74.905255183,0.0
135,-240.328302359,-3.479947201,-72.2952495643,21.9147628885
136,-152.599641476,-5.58568862839,-14.9206251231,3.12915680188
137,-120.630442154,-2.58040819542,-19.0464575556,0.0
138,-106.576789604,-0.690352798935,-10.5314598585,0.0
139,-95.8781307987,-2.89076965171,-5.12722933962,0.0
140,-140.264579443,-5.4341129792,-16.398430023,0.0
141,-160.136851197,-1.56669747848,7.97600024951,12.230657393
142,-157.376193409,1.64451396532,5.87134821496,13.5505818141
143,-117.318236922,0.823615204529,6.57869814981,0.0
144,-123.748830093,-2.63795400337,4.62656881323,0.0
145,-124.779347039,-5.51419300591,-13.9980572443,0.0
146,-130.455328711,-3.59841815362,3.42745001988,0.0
147,-124.310904342,-4.07406220529,3.09814307586,0.0
148,-128.371115743,-0.774310985975,2.3321733305,0.0
149,-202.23307992,-2.21850078193,-20.9126999024,23.5263697475
150,-140.140840873,-1.25265809919,-55.474822952,0.0
151,-126.683812504,-1.38109655272,45.6281476575,0.0
152,-252.0,-3.56693362544,-30.1128665555,46.8579400323
153,-252.0,-1.79018538402,-101.153945468,59.8195763135
154,-188.415775538,-2.01900604713,-100.148529467,0.0
155,-252.0,-2.20387948866,-112.514329744,31.4566649563
156,-204.169691358,-1.37848548957,-107.190210776,0.0
157,-252.0,-2.1671781456,-109.170834937,29.5412240231
158,-252.0,-3.07352031784,-89.4394216364,81.774867455
159,-252.0,-2.44701108248,-105.227853871,48.1576081958
160,-252.0,-2.13748648998,-108.786703847,31.8556136274
161,-252.0,-3.19702352414,-51.8794137621,115.179104985
162,-252.0,-3.25834826321,-54.2981929266,113.328064023
163,-252.0,-3.28996015517,-33.6144034471,122.055228371
164,-232.133780407,-1.57001933711,-108.798935252,9.89815486118
165,-252.0,-3.11114563741,-86.0668540788,87.1657641039
166,-252.0,-3.29571275125,-24.4073550413,124.727967495
167,-252.0,-3.20182960027,-16.9379687213,126.307422713
168,-252.0,-3.30593241186,-24.899028292,124.454570638
169,-252.0,-3.30161363884,-39.7104186945,120.458618492
170,-252.0,-2.97160584757,-69.2265511925,103.568883879
171,-129.038221392,-1.54429825928,-55.9755502878,0.0
172,-252.0,-1.59729035867,-108.151751575,25.2200573398
173,-120.539903544,3.23285196584,32.5655744444,0.0
174,-109.657704316,0.710630857728,-5.51710552374,0.0
175,-108.292241499,4.01426781392,1.19132497967,0.0
176,-104.702213082,-5.4577368011,2.48594621564,0.0
177,-143.313246896,-32.1092143203,13.5796631263,0.0
178,-240.941061723,-81.2435987037,21.1890232626,14.7094934315
179,-252.0,-73.2143045228,48.7609454416,62.8362143
180,-252.0,55.6975600842,31.1859227746,45.3575910149
181,-252.0,119.529272267,35.3115307394,22.6159588648
182,-252.0,64.785688137,32.719638202,36.9965839693
183,-219.0,150.0,10.0561128346,64.4600022294
184,-172.802361029,22.9332048105,26.789488124,0.0
185,-252.0,96.8938445084,24.6558339879,30.4907960547
186,-252.0,-121.009535791,-29.0324826485,33.3542097583
187,-146.521225446,-19.6224053435,0.0710993125775,0.0
188,-185.411902372,18.2640803572,-4.05556506735,17.8286823666
189,-177.0,150.0,11.9799796467,85.7752626801
190,-209.436364671,-0.475846192285,-9.86290701548,27.178795037
191,-252.0,-48.742194631,-0.491196655207,49.7364656347
192,-87.217524438,-5.79850081133,-15.3381207447,0.0
193,-159.202278087,-11.3709596731,-20.2157176318,8.98747728448
194,-157.193853373,-14.9203218641,-22.7069088667,0.0
195,-223.750385163,-61.8584739393,-8.7775438476,23.4148540719
196,-147.406296734,2.59099922984,-16.8955538133,0.0
197,-90.420553751,-13.6038830753,-0.699328113501,0.0
198,-148.273468367,46.7030097999,4.52452570962,1.92993832619
199,-99.4366220477,0.542045942564,-0.0243809214227,0.0
200,-137.755837699,35.2080832757,8.62633439593,0.0
201,-120.702934019,3.79939729173,-0.472826924065,0.0
202,-103.380715672,6.35044089094,-2.98944256388,0.0
203,-104.954579934,6.0712754318,-5.06528519726,0.0
204,-110.865032358,8.15904208105,-5.28916847614,0.0
205,-143.561191665,-39.8891584768,2.10782138441,0.0
206,-97.3543603301,0.753174140749,0.000478132812701,0.0
207,-115.197453823,16.6834697712,-0.38740775236,0.0
208,-114.9255488,-0.898213427306,0.000719404987565,0.0
209,-116.354688223,-4.25396201892,0.0016741424379,0.0
210,-111.801902667,14.4820853704,0.0582199691613,0.0
211,-125.65845287,6.51398744438,-8.28551623509e-06,0.0
212,-100.851598303,4.80261871184,0.000188612709239,0.0
213,-108.044047156,5.27008038625,5.98533781651e-05,0.0
214,-98.214063494,4.57110491246,-0.000110142163039,0.0
215,-106.485417128,-29.5710350263,0.773374538709,0.0
216,-134.814987336,-26.2734568981,-0.907496170648,0.0
217,-94.4890340082,-17.2803617943,-0.856700059618,0.0
218,-93.158736528,6.15773492999,6.38883904897e-05,0.0
219,-107.063747997,19.9213960552,0.000518443891116,0.0
220,-151.392272885,-15.5976111487,-0.309470392272,0.0
221,-123.438542076,28.6319157387,0.00191568703956,0.0
222,-164.438731916,27.1735052514,-0.00159890726507,0.0
223,-184.742519869,61.0210341594,0.0102985046095,0.0
224,-131.00466133,9.95297998302,-0.000104569963042,0.0
225,-157.044079188,6.42797524971,-8.77136215436e-05,8.92245050176
226,-120.752118478,-5.06044626893,-0.0379058041889,0.0
227,-114.674012444,-8.03449730309,0.0379119545675,0.0
228,-112.221865244,-7.97169295924,-0.635865108668,0.0
229,-114.537090344,-7.6341304558,-0.597818686064,0.0
230,-114.979683528,-7.69720284961,-0.563591616719,0.0
231,-115.186801723,-7.56178911057,-0.734716877123,0.0
232,-113.814138762,-8.29170258428,0.321909636747,0.0
233,-114.642828919,-8.16706880851,0.50347534256,0.0
234,-111.878974278,-7.73978298774,-0.0265069910344,0.0
235,-111.400733618,-8.13240696961,-1.55749736334,0.0
236,-111.554730456,-7.83399329429,-1.69613133429,0.0
237,-123.380110383,-7.37904575828,-1.26161614785,0.0
238,-123.398597095,-6.69306228075,-6.33318061302,0.0
239,-107.75967011,-5.12113099993,-3.13629942442,0.0
240,-117.610200382,-7.07484459425,-0.974979394673,0.0
241,-126.121446601,-14.6193426178,-7.63551769334,0.0
242,-109.514076929,-11.599697828,-5.07495428349,0.0
243,-252.0,-14.2357410109,18.4934078639,52.4255560117
244,-161.641379722,-7.93254148985,-81.5821755415,0.0
245,-252.0,-16.8260404225,-108.01840588,48.0282254658
246,-88.4221082415,-12.2850511788,-13.269521995,0.0
247,-156.370713214,-11.8648509438,36.8838589021,0.0
248,-141.264470242,-12.5238742255,38.5434930048,0.0
249,-132.962662137,-18.9176751746,-28.0080164399,0.0
250,-128.09148207,-15.9485675541,-6.85542804185,0.0
251,-115.093700111,-11.0448565584,-4.62539498371,0.0
252,-121.411903621,-7.52855842739,-2.76247042934,0.0
253,-124.912068859,-5.77677818023,-0.453138557113,0.0
254,-112.918667487,-4.51216801193,-4.89611013091,0.0
255,-125.624254602,-5.65877748914,-5.19089268925,0.0
256,-124.499963838,-8.43947455779,-3.93977987463,0.0
257,-121.256938463,-8.5272637714,-0.838976398625,0.0
258,-120.599393305,-5.90970516073,3.13323919629,0.0
259,-116.872552132,-7.5529170324,1.78326545661,0.0
260,-118.388822469,-8.17723717443,2.65347335591,0.0
261,-116.665350326,-6.7423749978,-0.976080463875,0.0
262,-124.907992462,-10.478790005,3.88505360572,0.0
263,-123.121012319,-8.85595541878,6.02092779736,0.0
264,-119.452433659,-7.97082016782,-3.09046331567,0.0
265,-116.628257074,-7.45571082034,1.26284973169,0.0
266,-129.565256593,-6.94373642429,2.06022111948,0.0
267,-117.188656998,-5.57420984733,-1.90613344583,0.0
268,-114.187005512,-6.98682916816,2.48777905579,0.0
269,-123.80878358,-5.51980477737,5.83121436959,0.0
270,-120.810599695,-7.35564185743,-6.24697860934,0.0
271,-114.677289924,-7.32272300193,-3.91961774269,0.0
272,-111.439449005,-8.52475112605,-1.19516072545,0.0
273,-111.380580783,-8.56210078539,-0.516785001779,0.0
274,-111.813694746,-8.64210114725,0.0351800267124,0.0
275,-111.734609919,-8.69183889245,-0.314136077898,0.0
276,-111.194345334,-8.61771687851,-0.859477859785,0.0
277,-111.657620906,-7.99754289269,-0.696244222151,0.0
278,-111.695039658,-8.05419456085,-0.343481913628,0.0
279,-111.026926221,-8.0462655665,-0.389851994781,0.0
280,-111.532888383,-8.10725596255,-0.217603335722,0.0
281,-112.368512292,-8.12065058513,-0.151989193009,0.0
282,-111.330954473,-8.06616858691,-0.330438805611,0.0
283,-114.209427195,-7.75383650058,-0.729929785485,0.0
284,-114.590734176,-8.43120133995,-0.0659853860112,0.0
285,-115.214999945,-8.30785500167,-0.0986513185797,0.0
286,-117.028663495,-7.98136436928,0.0688027425313,0.0
287,-114.806268277,-8.5780732749,-0.0536359716757,0.0
288,-117.429779838,-8.03295665656,0.0502917561624,0.0
289,-115.523464983,-8.14947328587,0.0219808656154,0.0
290,-115.051974597,-8.21777338226,0.0082114074626,0.0
291,-114.326726455,-8.17309037391,0.00321874550462,0.0
292,-115.168035907,-7.70622111247,0.000105440204452,0.0
293,-114.642177873,-8.40919975046,-0.00161505283167,0.0
294,-115.032305995,-8.28972770199,-0.00536033751252,0.0
295,-114.871446145,-8.11758220308,-0.0106567094154,0.0
296,-114.422042253,-8.07586845393,0.000689006129645,0.0
297,-114.613947976,-7.81079979412,0.00274943239071,0.0
298,-115.293454204,-7.82155700839,3.85451462162e-05,0.0
299,-114.562472084,-7.77838659665,-0.00585748417381,0.0
300,-114.581099415,-8.38063466804,0.00501607049861,0.0
301,-114.851103869,-7.58273521983,-0.00244441049186,0.0
302,-114.562125652,-8.27445342015,0.0172599431363,0.0
303,-114.648196265,-7.86088466083,-0.00230576710053,0.0
304,-115.127106135,-7.61422384767,0.000646882075673,0.0
305,-111.807118595,-7.55709721271,0.00684338785016,0.0
306,-114.406574643,-7.7438885109,0.000913409664732,0.0
307,-114.435049874,-8.7412413419,-0.0286048830036,0.0
308,-114.484951814,-7.90325530301,0.004731364488,0.0
309,-115.201343485,-8.21748090995,0.00551205832361,0.0
310,-115.36796626,-7.82802593836,5.03084175767e-05,0.0
311,-114.500192996,-8.23080044766,0.00470557908374,0.0
312,-114.395901081,-7.73877894068,-3.23512681474e-05,0.0
313,-117.166284432,-7.48724274121,-0.0965617269244,0.0
314,-113.637933519,-7.07440319741,0.00260917382506,0.0
315,-115.217498531,-7.68821902499,-0.000930176732687,0.0
316,-117.775727418,-7.96691647249,0.000653805610588,0.0
317,-114.80357655,-7.50595262476,-0.0162258350495,0.0
318,-114.586806948,-7.54963347076,0.000487525061462,0.0
319,-114.552100767,-7.73317186862,-0.00509171499677,0.0
320,-111.596480861,-8.12110677408,0.000503036602242,0.0
321,-111.323739685,-8.02075708271,-0.000831423262865,0.0
322,-115.252539836,-8.53690760167,-0.00419793748399,0.0
323,-114.143523854,-7.73125121173,0.00121993629945,0.0
324,-111.585750531,-7.74180020927,0.00140605174343,0.0
325,-111.969392808,-7.52269808451,0.000394223695109,0.0
326,-112.07970621,-7.65833712003,-0.00155674952383,0.0
327,-115.5334221,-7.22827021947,0.00147605289801,0.0
328,-112.262458415,-7.53717962703,-0.000327689814685,0.0
329,-114.453646079,-7.91186151762,-0.00150203599309,0.0
330,-115.17442674,-7.64749793189,0.000262187866819,0.0
331,-117.275458905,-7.79243022701,-0.00445367163828,0.0
332,-111.848862414,-7.64060668689,0.00156532301777,0.0
333,-116.951229212,-8.39911225789,-0.00250386507885,0.0
334,-115.017974104,-6.79102622441,0.00425544053351,0.0
335,-115.084872778,-7.82845088412,-0.0107951179216,0.0
336,-111.745842033,-7.84871561218,0.000202824167801,0.0
337,-114.858929917,-7.74289265974,-0.00176566049469,0.0
338,-113.785935061,-7.86765840605,-0.00323400871159,0.0
339,-111.888607444,-7.7885454981,0.000277100811694,0.0
340,-114.91630155,-7.35014295848,-6.63473937825e-05,0.0
341,-114.390644366,-7.58653769328,0.000364077081015,0.0
342,-115.181165805,-7.6237306533,0.000357975788364,0.0
343,-117.953343733,-7.94688637291,-1.26300607616e-05,0.0
344,-117.446157778,-7.76931413535,-0.000372616976809,0.0
345,-114.544934272,-7.75267810128,2.63393691009e-06,0.0
346,-114.944101936,-8.29252762172,0.00956022958941,0.0
347,-117.126548409,-7.59665500511,0.000368284437795,0.0
348,-117.32613667,-7.89796307352,-0.00327472008685,0.0
349,-113.975493981,-7.8468229878,0.000379236503939,0.0
350,-115.699630877,-7.92401874047,-2.69167209016e-05,0.0
351,-114.706876788,-7.60855544924,0.000168657929398,0.0
352,-114.823964325,-7.91314590798,9.41075701895e-06,0.0
353,-114.384078768,-8.38284699419,-0.0002518074398,0.0
354,-115.229529728,-8.6495209611,0.00340833103301,0.0
355,-114.68563991,-8.48802521932,-0.0195914056051,0.0
356,-114.370377194,-7.65409288897,4.42625315735e-05,0.0
357,-114.649225475,-8.452460756,-0.0147290564823,0.0
358,-114.776558127,-7.97279872309,0.000182945858158,0.0
359,-114.866817195,-7.80251274665,1.35656286097e-05,0.0
360,-114.086687261,-8.58127490403,-0.00130778401399,0.0
361,-114.034981984,-7.86186208727,-1.58793440421e-05,0.0
362,-114.714425058,-8.12847696897,-0.000143883153923,0.0
363,-114.374713439,-8.00244487617,-7.26091842805e-05,0.0
364,-114.715618933,-7.98166032038,-5.73114926072e-06,0.0
365,-111.893668183,-8.32817829193,-0.0386938041419,0.0
366,-114.300071364,-7.8706072517,-0.0314605300704,0.0
367,-114.6647151,-7.95799729409,-0.0117263023115,0.0
368,-111.94517528,-8.03870340308,-0.153716347579,0.0
369,-114.265839386,-7.90481343809,-1.31507863263e-05,0.0
370,-114.532284371,-7.87715891983,6.90785132759e-05,0.0
371,-113.39799286,-7.96564453871,0.00661030868203,0.0
372,-114.028709993,-8.05975306527,-0.0105767539937,0.0
373,-111.972252095,-7.62921096018,-0.00273450874123,0.0
374,-111.740536917,-7.83911507331,-0.0620426414511,0.0
375,-111.960597293,-7.65126568877,0.00504138105109,0.0
376,-111.332803439,-8.39677925265,-0.0276576927706,0.0
377,-115.38381367,-7.90339777907,5.49289811231e-06,0.0
378,-114.503078466,-7.54514317399,-0.00688001173944,0.0
379,-115.215070752,-7.79517658609,-1.40056182382e-05,0.0
380,-111.479383491,-8.03793552069,-0.0171466279227,0.0
381,-114.147501555,-7.93882153438,-2.59820439155e-05,0.0
382,-112.691752567,-7.49145404188,-0.00304050951334,0.0
383,-115.061217924,-7.82263495638,0.000153897953245,0.0
384,-114.881119595,-7.69393370355,0.00186277255972,0.0
385,-112.681722179,-8.04815491175,-1.61927525473e-06,0.0
386,-114.242973697,-7.16393800153,-0.00123336535005,0.0
387,-115.475699048,-1.22107323696,-2.34411629619e-05,0.0
388,-111.751604728,-6.94747188919,0.00825189535621,0.0
389,-111.154577737,2.52897443634,0.0218359665852,0.0
390,-105.799825901,-2.75870582505,-9.10361965011e-05,0.0
391,-115.397779665,-7.0223326582,-2.63628600618e-06,0.0
392,-114.768285696,-8.74682310926,-4.40760033038e-05,0.0
393,-116.965100015,-4.65026527677,-0.00662802587601,0.0
394,-111.354999939,-6.41841328001,-2.25855192668e-05,0.0
395,-112.755951426,4.98002961725,-0.00101465724652,0.0
396,-107.684303144,-8.12971350164,0.00268711012154,0.0
397,-109.937762763,-2.43426512627,-1.46045039995e-05,0.0
398,-111.732000555,-9.3011433815,-0.000574760256521,0.0
399,-111.079438553,-2.62934123457,-0.00144512615099,0.0
400,-109.441435435,-4.6161715625,0.00385773176699,0.0
401,-96.5766545298,-10.0275283443,0.00479372238895,0.0
402,-102.90748001,0.768227796104,0.0127503441866,0.0
403,-102.886247919,-3.71674896873,0.000517806019915,0.0
404,-102.865813613,2.11273932773,-0.014319523848,0.0
405,-102.865235615,0.36552084939,-0.00866329989045,0.0
406,-102.865323733,-0.00421779186361,-0.00139153042728,0.0
407,-102.865358133,-0.0146249345954,-0.000124648526757,0.0
408,-102.865154506,-0.00593124929045,-0.00289737078659,0.0
409,-102.865391711,-0.011456928248,-0.00761494429178,0.0
410,-102.865138211,0.722937773997,0.00268182882574,0.0
411,-102.865439035,-0.00528189191188,-0.0128104919722,0.0
412,-102.865456041,0.178932560455,0.0143006776587,0.0
413,-102.867013261,-0.00955540237097,-0.0550009731894,0.0
414,-102.865087874,0.00948067410531,0.00876171555804,0.0
415,-102.864877641,-0.00215748107059,0.00206344750453,0.0
416,-102.86525775,0.01060671663,-0.00449315240268,0.0
417,-102.865983402,0.0229548777286,-0.0157692785264,0.0
418,-102.865533954,-0.00989575159935,-0.013657986046,0.0
419,-102.865330356,0.331693491533,0.00228209917359,0.0
420,-102.865120129,0.0207681009534,-0.00177375362459,0.0
421,-102.864913418,1.09904242771,-0.00175437495708,0.0
422,-102.86509076,3.23742431528,0.00113239434202,0.0
423,-102.865403224,1.89344322686,0.00444712723815,0.0
424,-99.8699364764,11.8252541595,0.013337194936,0.0
425,-102.932319187,2.55797358591,-0.00903471926885,0.0
426,-102.989033038,-3.89411660796,0.013467119373,0.0
427,-96.9895763805,-1.96526575911,0.0183659917094,0.0
428,-100.368538146,-14.9743385165,-0.0102444601069,0.0
429,-121.310474436,-23.6884944305,-0.00425654519532,0.0
430,-107.210461386,-3.33913877477,0.0550540429285,0.0
431,-115.94060133,6.72753919315,-0.283415242321,0.0
432,-111.170698274,-5.76706179843,-0.142206345286,0.0
433,-108.94029242,-5.16021340613,-0.000889506024119,0.0
434,-106.581873356,-23.4070298933,0.0128804944156,0.0
435,-126.073427848,-37.9607137604,0.000123931918714,0.0
436,-100.220841071,-13.6011810353,0.0053764951898,0.0
437,-102.897737108,-0.511753765363,0.00278994043593,0.0
438,-102.889516166,3.02237875231,-0.00813496680486,0.0
439,-102.867224956,1.83663312955,0.0051359315681,0.0
440,-102.902087963,2.36856512786,-0.000887499825701,0.0
441,-102.887014738,3.19741615427,-0.0124666529865,0.0
442,-102.872956989,0.069741871507,0.000959368906471,0.0
443,-99.878552348,6.86666739872,0.00554691859923,0.0
444,-102.898759066,2.86896995418,0.00168874085581,0.0
445,-99.9383670784,-1.00535278798,0.0790989823331,0.0
446,-102.91638946,0.779057080809,0.00174668369336,0.0
447,-102.867573892,3.71897613273,-0.000283914566469,0.0
448,-102.866114793,4.04997085728,-0.0102268643688,0.0
449,-102.869642066,4.61806884401,-0.0069075170193,0.0
450,-102.866645177,1.5829129622,0.0172605864738,0.0
451,-102.865011177,1.64349153316,0.00322619235904,0.0
452,-102.865836482,1.69662631093,0.000505452756987,0.0
453,-102.870841633,1.56598670665,0.0082932427076,0.0
454,-102.865111165,0.678609840718,-0.00213263892054,0.0
455,-102.865304109,1.07868683822,-0.00139608163636,0.0
456,-102.865844496,0.672452434013,7.09362234098e-05,0.0
457,-102.865694775,1.79892555642,0.00816025056954,0.0
458,-102.865604532,0.763850921988,-0.00762556380908,0.0
459,-102.865191405,0.411552893981,-0.0017508032518,0.0
460,-102.865197182,3.07928533069,0.00733005117101,0.0
461,-102.865439016,1.51606921722,-0.0147261497569,0.0
462,-102.865186979,2.15964929332,0.00221237729784,0.0
463,-102.865104439,1.28879742448,0.00336186620958,0.0
464,-102.864951875,3.90659985033,0.0016937637303,0.0
465,-102.865269537,4.14703081092,-0.001124039571,0.0
466,-102.864939619,1.69417924406,0.00346814350272,0.0
467,-102.865542666,0.0733268854069,-0.0142966240172,0.0
468,-102.865010803,0.201500746943,0.00393916498346,0.0
469,-102.865570184,1.10218483605,0.001047216531,0.0
470,-102.865654287,3.53212506228,-0.00975926211038,0.0
471,-102.864977728,2.57942806127,0.000725885568858,0.0
472,-102.865467107,0.936543345785,-0.0159380540862,0.0
473,-102.865379513,3.46309711442,-0.010857081914,0.0
474,-102.865879407,0.183488877677,-0.0313034310736,0.0
475,-102.86549167,1.28081820984,-0.00528876488584,0.0
476,-102.865272676,0.724963705508,0.00141373922889,0.0
477,-102.865365626,0.00770169832424,-0.0110733696318,0.0
478,-102.865060536,0.138700580755,-0.00796407826581,0.0
479,-102.864891519,0.0687902329591,-0.000166595092303,0.0
480,-102.865799194,0.080469180414,0.012205721372,0.0
481,-102.865120121,0.321206351029,0.00982137949132,0.0
482,-102.865803508,0.0819741642287,-0.0105080580399,0.0
483,-102.865263856,0.298641505947,0.0118400916357,0.0
484,-102.865208125,0.0450365740273,-0.00107874048496,0.0
485,-102.865325517,0.0284880737076,0.0106681576077,0.0
486,-102.865337803,0.00807888262809,-0.00834422506372,0.0
487,-102.865737388,0.101711247371,-0.0166682923361,0.0
488,-102.865004593,0.160799524487,0.00142137258794,0.0
489,-102.865187165,1.57963766327,0.00223595582924,0.0
490,-102.864906045,0.00409456172965,-0.00111445341396,0.0
491,-102.864973345,1.92248589446,0.00152761441741,0.0
492,-102.865486997,0.51210874382,-0.0122332139865,0.0
493,-102.865478199,0.0156055915948,-0.0050271621933,0.0
494,-102.865944668,0.421721817692,-0.0361660749291,0.0
495,-102.865372291,0.364343933915,-0.00367704904356,0.0
496,-102.86502058,0.00122420082219,-0.00620579657717,0.0
497,-102.86536767,3.69134374766,0.00315665383771,0.0
498,-102.864814887,3.62142925972,0.000358564122173,0.0
499,-102.864867655,3.62700964857,0.00154202506918,0.0
500,-102.866387874,0.346366690736,-0.0243143597085,0.0
